muttype	clair3rna_cnt	clair3rna_apocnt	clair3rna_isTbefore	clair3rna_isAafter	lowfreq_cnt	lowfreq_apocnt	lowfreq_isTbefore	lowfreq_isAafter	bcftools_cnt	bcftools_apocnt	bcftools_isTbefore	bcftools_isAafter
A>C	3.33333	0	0	0	120.99967	0	0	108.333	507.66688	0	19.66667	29.99997
A>G	40.33329	0	12.66666	17.99999	0	0	0	0	4951.00026	0	1992.33334	2158.33367
A>T	21.33333	0	16	1	0	0	0	0	364.3333	0	217.3333	74.00003
C>A	23.33333	0	0	17.33333	5	0	0	0	120.99996	0	24.33333	47.99997
C>G	1	0	0	0	5	0	0	5	1390.66737	0	1173.66737	570.0007
C>T	1823.33	1807.33	1807.33	1003.99667	2.66667	0	0	0	1831.99673	1831.99673	1831.99673	1000.33
G>A	965.33369	937.33366	167.33366	937.33366	0	0	0	0	1022.00027	969.3336	242.33364	969.3336
G>C	0	0	0	0	3	0	3	0	292.99997	0	52.99997	71.33333
G>T	17.3333	0	2	1	3	0	0	0	56.66672	0	35.33337	4.66667
T>A	3.33333	0	3.33333	0	60	0	60	0	2219.00003	0	73.66667	126.3334
T>C	6872.00003	0	6816.33333	6812	0	0	0	0	13268.66388	0	10078.9967	8691.663
T>G	12.3333	0	0	0	92.3333	0	89.3333	0	7790.99607	0	188.9999	44
