muttype	clair3rna_cnt	clair3rna_apocnt	clair3rna_isTbefore	clair3rna_isAafter	lowfreq_cnt	lowfreq_apocnt	lowfreq_isTbefore	lowfreq_isAafter	bcftools_cnt	bcftools_apocnt	bcftools_isTbefore	bcftools_isAafter
A>C	102.00003	0	0	2	4868.33263	0	4	4859.33263	10086.67224	0	848	4774.99974
A>G	425.667	0	204.667	425.667	39.00003	0	21.33333	0	10836.66827	0	5122.00106	2147.66743
A>T	180.33334	0	57	55.33337	4885.32733	0	2.33333	4881.32733	8059.32538	0	1805.9994	5598.65994
C>A	3.66667	0	1	0	0	0	0	0	3115.6638	0	2815.9972	162.6667
C>G	23.3333	0	20.3333	0	5	0	5	0	7821.33351	0	5865.33331	1403.6666
C>T	18417.3297	17911.3297	17911.3297	3939.9997	5.66667	0	0	0	119116.32927	19533.66263	19533.66263	102768.6663
G>A	6589.0067	6571.0067	1762.004	6571.0067	41.6667	0	41.6667	0	10025.008	8892.6738	3438.6715	8892.6738
G>C	1	0	0	1	7	0	7	7	4251.66738	0	333.9999	2348.66668
G>T	48.3333	0	0	48.3333	24.66667	0	0	3.66667	1700.9993	0	733.9998	771.6666
T>A	0	0	0	0	7848.32297	0	7796.98967	17	10281.32341	0	8171.32404	1252.99963
T>C	145.6667	0	145.6667	0	7	0	0	7	11123.33594	0	1631.999	2406.6659
T>G	73.00003	0	8	0	7530.6663	0	7483.33297	37.6666	13084.33204	0	11994.66544	1051.66673
