muttype	clair3rna_cnt	clair3rna_apocnt	clair3rna_isTbefore	clair3rna_isAafter	lowfreq_cnt	lowfreq_apocnt	lowfreq_isTbefore	lowfreq_isAafter	bcftools_cnt	bcftools_apocnt	bcftools_isTbefore	bcftools_isAafter
A>C	66.3334	0	0	0	8522.997	0	8194.33	8517.997	22568.66402	0	3358.66575	1955.33334
A>G	301.66697	0	214.667	299.0003	8149.33663	0	8128.00333	8143.0033	17809.66237	0	3352.66674	843.33365
A>T	158.00001	0	71.33337	3	8752.67	0	8752.67	8752.67	9804.33603	0	3820.67028	2395.33284
C>A	0	0	0	0	0	0	0	0	6236.6672	0	1970.00029	2013.00025
C>G	5	0	5	0	0	0	0	0	7113.66959	0	789.66673	547.66687
C>T	18731.9976	18638.33093	18638.33093	6820.9967	0	0	0	0	20911.99748	19681.3309	19681.3309	7475.66347
G>A	6618.336	6396.336	1659.66613	6396.336	0	0	0	0	12255.33617	8327.00253	3341.99999	8327.00253
G>C	2	0	0	2	5.33333	0	0	0	7117.99883	0	1518.66649	1110.00003
G>T	47.3333	0	0	10	0	0	0	0	1720.33306	0	626.3333	394.33333
T>A	53.33333	0	46	0	4935.663	0	4935.663	4799.33	16615.99955	0	4086.66712	4606.66549
T>C	338.3329	0	45.3333	25.6667	4895.9967	0	4895.9967	4867.33	35134.9995	0	3846.6663	9376.66348
T>G	6.33333	0	0	6.33333	6363.6697	0	6363.6697	5877.67	10076.99978	0	1529.66657	947.00033
