muttype	clair3rna_cnt	clair3rna_apocnt	clair3rna_isTbefore	clair3rna_isAafter	lowfreq_cnt	lowfreq_apocnt	lowfreq_isTbefore	lowfreq_isAafter	bcftools_cnt	bcftools_apocnt	bcftools_isTbefore	bcftools_isAafter
A>C	47.33337	0	0	6.66667	1557.99973	0	0	1557.99973	4206.3328	0	344.33337	1355.99943
A>G	196.6666	0	87	192.6666	0	0	0	0	4966.33161	0	2263.99984	909.6665
A>T	86.66665	0	43.33337	39.66669	1519.666	0	0	1519.666	2675.33338	0	781.6667	1860.66674
C>A	42.99996	0	5	14.33333	0	0	0	0	1297.00005	0	1138.66668	88.6667
C>G	33.66666	0	29.66666	9.66667	0	0	0	0	3290.99972	0	2564.99942	617.66665
C>T	7810.6705	7589.3375	7589.3375	1621.0033	6	0	0	6	8547.00416	7741.67083	7741.67083	1933.00334
G>A	3083.66777	3027.00107	800.0004	3027.00107	0	0	0	0	4314.33471	3791.66837	1438.33373	3791.66837
G>C	9	0	2	9	4.33333	0	0	0	1902.66629	0	108.6667	948.33359
G>T	89.66657	0	18.3333	59.33327	0	0	0	0	915.66651	0	372.99967	388.00021
T>A	23.6667	0	0	2	2361.33267	0	2348.666	0	3136.66646	0	2346.33309	460.99989
T>C	70.6667	0	70.6667	0	4	0	0	0	5582.34095	0	664.66706	987.33409
T>G	3	0	0	0	2325.66697	0	2318.0003	12	5161.00062	0	4200.33356	443.00011
