muttype	clair3rna_cnt	clair3rna_apocnt	clair3rna_isTbefore	clair3rna_isAafter	lowfreq_cnt	lowfreq_apocnt	lowfreq_isTbefore	lowfreq_isAafter	bcftools_cnt	bcftools_apocnt	bcftools_isTbefore	bcftools_isAafter
A>C	36.3333	0	7	0	334	0	0	322	41763.33802	0	20876.33204	2331.00003
A>G	193.0003	0	106.667	192.0003	29	0	25	4	9289.00181	0	1970.66724	1537.33391
A>T	8.66667	0	0	0	21.3333	0	18.3333	0	3244.66681	0	866.99983	731.99987
C>A	9	0	9	0	0	0	0	0	1156.33315	0	466.33294	146.6666
C>G	4	0	0	0	0	0	0	0	7227.00316	0	6216.66968	649.33315
C>T	14872.6658	14789.9991	14789.9991	6156.0034	0	0	0	0	15702.66506	15356.33173	15356.33173	6223.33673
G>A	5459.9988	5308.9991	1233.6659	5308.9991	0	0	0	0	10274.66226	5904.3324	1623.66586	5904.3324
G>C	3	0	3	3	16	0	11	5.66667	14577.66308	0	3465.66751	2001.66676
G>T	0	0	0	0	0	0	0	0	1120.66664	0	138.3333	308.99994
T>A	4.66667	0	0	0	227.33367	0	223.667	0	9493.33538	0	689.66685	563.33307
T>C	69.33333	0	62	6	40.99996	0	5.33333	18.3333	43398.9959	0	16094.3306	9108.66339
T>G	1225.33003	0	0	0	393.0003	0	382.0003	0	11833.32524	0	2471.99917	642.33334
