muttype	clair3rna_cnt	clair3rna_apocnt	clair3rna_isTbefore	clair3rna_isAafter	lowfreq_cnt	lowfreq_apocnt	lowfreq_isTbefore	lowfreq_isAafter	bcftools_cnt	bcftools_apocnt	bcftools_isTbefore	bcftools_isAafter
A>C	19.6667	0	2	0	81.6667	0	0	81.6667	14171.33701	0	920.66664	412.33327
A>G	38.6667	0	15.6667	29.33337	0	0	0	0	9173.66668	0	1328.33344	282.66669
A>T	11.6667	0	0	11.6667	0	0	0	0	6557.33326	0	147.33332	216.66667
C>A	6.66667	0	1	0	0	0	0	0	249.3333	0	13.66667	31
C>G	2	0	2	2	0	0	0	0	402.33339	0	226.33327	97.66669
C>T	2444.6699	2441.6699	2441.6699	1279.0033	0	0	0	0	7767.33657	7603.00324	7603.00324	6508.33663
G>A	955.66662	946.33329	162.3336	946.33329	0	0	0	0	1181.00014	967.66651	181.33357	967.66651
G>C	39.99997	0	23.3333	12.66667	0	0	0	0	3796.66625	0	1056.3329	186
G>T	0	0	0	0	0	0	0	0	700.66636	0	600.33299	42.66666
T>A	12	0	12	12	60.6667	0	60.6667	0	1544.33347	0	208.00005	1026.33345
T>C	76.33337	0	4.33333	9	0	0	0	0	17068.33637	0	1240.33348	903.6667
T>G	0	0	0	0	96.6667	0	96.6667	0	989.00054	0	262.33339	205.667
