muttype	clair3rna_cnt	clair3rna_apocnt	clair3rna_isTbefore	clair3rna_isAafter	lowfreq_cnt	lowfreq_apocnt	lowfreq_isTbefore	lowfreq_isAafter	bcftools_cnt	bcftools_apocnt	bcftools_isTbefore	bcftools_isAafter
A>C	130.66666	0	7.33333	2.33333	201.33333	0	4	197	2187.66708	0	476.00039	550
A>G	175.66669	0	77.6667	167.33336	19.33333	0	3.33333	3.33333	5688.66711	0	444.33376	563.66679
A>T	121.66669	0	65.33336	76.66669	26	0	0	0	581.99963	0	394.99963	184.6663
C>A	167.66663	0	4	2.33333	0	0	0	0	994.33359	0	698.33366	126.33333
C>G	34.33333	0	10.66666	7.66667	30	0	0	0	959.33388	0	219.66699	316.33329
C>T	7224.0001	7010.3331	7010.3331	1599.6667	0	0	0	0	7966.9996	7507.33266	7507.33266	1721.6666
G>A	3201.33313	3149.9998	910.667	3149.9998	0	0	0	0	3806.9999	3603.3332	1093.667	3603.3332
G>C	2	0	1	1	13.3333	0	0	0	1249.66595	0	278.333	41.99996
G>T	75.6667	0	19.33333	16.33333	0	0	0	0	622.6664	0	17.3333	140.66633
T>A	20.33333	0	4.66667	2	354.99966	0	114.99966	0	558.99959	0	199.333	102.66666
T>C	80.3333	0	77.3333	0	700.333	0	2	0	3904.33046	0	643.3337	234.3334
T>G	37.99996	0	0	0	400.00067	0	192.66697	0	3510.33379	0	1329.33369	476.66656
