muttype	clair3rna_cnt	clair3rna_apocnt	clair3rna_isTbefore	clair3rna_isAafter	lowfreq_cnt	lowfreq_apocnt	lowfreq_isTbefore	lowfreq_isAafter	bcftools_cnt	bcftools_apocnt	bcftools_isTbefore	bcftools_isAafter
A>C	63.99997	0	1	0	5214.667	0	4998	216.667	15560.33716	0	2161.99999	2411.66657
A>G	51	0	42	31.6667	1332.33	0	1332.33	0	26554.63091	0	4627.66671	1642.0003
A>T	113.6667	0	2	0	1085	0	1085	0	9964.33281	0	1633.00041	4975.66563
C>A	90.3333	0	0	0	3171.33	0	0	0	1636.66652	0	572.99966	559.99982
C>G	493	0	479	475	21017	0	0	0	23204.99985	0	1209.66719	842.33383
C>T	5775.66359	5750.66356	5750.66356	3010.33	4606.66333	9.33333	9.33333	0	8967.99719	6948.99697	6948.99697	3247.33
G>A	2389.32969	2347.32966	430.99967	2347.32966	0	0	0	0	5846.99733	2976.3298	605.6663	2976.3298
G>C	24	0	0	24	0	0	0	0	15571.66707	0	246.00004	8494.33042
G>T	38	0	11	1	0	0	0	0	2811.66654	0	1077.33297	532.99967
T>A	17	0	0	0	0	0	0	0	14033.33263	0	5370.00677	4141.3295
T>C	37.99997	0	5.66667	4	0	0	0	0	26609.00313	0	3221.33037	4111.33364
T>G	53.6667	0	53.6667	0	221.66667	0	216	0	12100.66991	0	3278.33624	212.00001
