muttype	clair3rna_cnt	clair3rna_apocnt	clair3rna_isTbefore	clair3rna_isAafter	lowfreq_cnt	lowfreq_apocnt	lowfreq_isTbefore	lowfreq_isAafter	bcftools_cnt	bcftools_apocnt	bcftools_isTbefore	bcftools_isAafter
A>C	132.66664	0	47.3333	15.66667	185.33297	0	11.3333	180.6663	13910.99753	0	4833.66707	3231.66677
A>G	395.6663	0	205.9997	354.9996	24.3333	0	0	0	17298.99701	0	8059.6635	953.33357
A>T	278.00003	0	70.3333	45.66666	0	0	0	0	1810.6673	0	1046.6677	594.3336
C>A	88.33341	0	9.66667	57.33337	0	0	0	0	1416.00323	0	1251.3366	69
C>G	38	0	27.33333	9	5.66667	0	0	0	1242.99977	0	609.99977	115.6667
C>T	16404.33616	16397.00283	16397.00283	3769.3366	0	0	0	0	20244.6688	17672.3359	17672.3359	3976.3366
G>A	6920.9985	6707.3318	2125.0004	6707.3318	0	0	0	0	10507.3326	7563.9991	2276.6671	7563.9991
G>C	11.6667	0	0	0	12.3333	0	0	0	3655.3299	0	197.6666	531.0003
G>T	29.66666	0	29.66666	0	0	0	0	0	2454.6633	0	168	48
T>A	67.99997	0	36	23.99997	256	0	115.667	0	1804.33636	0	205.333	291.33303
T>C	150.00003	0	147.6667	0	4.66667	0	0	0	16824.9865	0	590.66673	8835.66357
T>G	96.00004	0	7.33333	47.6667	221	0	216	0	6518.33643	0	3174.6699	627.33346
