muttype	clair3rna_cnt	clair3rna_apocnt	clair3rna_isTbefore	clair3rna_isAafter	lowfreq_cnt	lowfreq_apocnt	lowfreq_isTbefore	lowfreq_isAafter	bcftools_cnt	bcftools_apocnt	bcftools_isTbefore	bcftools_isAafter
A>C	62.66667	0	0	4.66667	173.667	0	0	173.667	17754.9963	0	8561.33004	1084.66748
A>G	599.66637	0	53.6667	113.33337	9.33333	0	6.33333	3	3697.00349	0	835.33362	614.33369
A>T	1	0	1	0	6.66667	0	6.66667	0	1465.66755	0	378.33396	626.66763
C>A	50.33327	0	19.99997	0	0	0	0	0	337.66664	0	109.6667	56.99997
C>G	1	0	0	0	0	0	0	0	2867.6669	0	2504.33363	275.66671
C>T	6063.0061	6005.6728	6005.6728	2580.67	0	0	0	0	6309.00592	6099.6727	6099.6727	2625.00326
G>A	2477.33344	2412.66674	534.0003	2412.66674	0	0	0	0	4287.33007	2501.00018	679.66697	2501.00018
G>C	13.3333	0	0	13.3333	0	0	0	0	5653.00272	0	1346.66681	827.33329
G>T	0	0	0	0	0	0	0	0	411	0	93.33333	68.33336
T>A	6.33333	0	5.33333	0	127.667	0	127.667	0	4119.33137	0	348.33362	366.00032
T>C	55.6666	0	18.3333	2	16.66667	0	10	6.66667	17291.33341	0	6414.9998	3559.66709
T>G	483.667	0	0	0	220.667	0	220.667	0	2352.33297	0	919.33267	199
