muttype	clair3rna_cnt	clair3rna_apocnt	clair3rna_isTbefore	clair3rna_isAafter	lowfreq_cnt	lowfreq_apocnt	lowfreq_isTbefore	lowfreq_isAafter	bcftools_cnt	bcftools_apocnt	bcftools_isTbefore	bcftools_isAafter
A>C	2	0	0	1	260.3333	0	0	227	2553.00017	0	399.6667	440.33335
A>G	110.6666	0	23.3333	37.33327	0	0	0	0	12757.66082	0	4968.9971	5519.99673
A>T	16.99999	0	0	3.33333	0	0	0	0	1286.99934	0	492.00001	241.333
C>A	42.33336	0	35.6667	3.33333	18	0	0	0	471.00003	0	118.66666	145.99997
C>G	1	0	0	1	6	0	0	6	3717.99726	0	2855.99679	1456
C>T	4430.3366	4410.6699	4410.6699	2391	11.6667	0	0	0	4676.66993	4555.3366	4555.3366	2439.66667
G>A	2131.33738	2100.33738	367.33367	2100.33738	0	0	0	0	2406.00404	2274.00407	404.00037	2274.00407
G>C	26	0	0	26	0	0	0	0	1535.33335	0	302.667	567.00023
G>T	1	0	0	0	0	0	0	0	2282.66296	0	166.9996	41.33336
T>A	26	0	0	0	122.333	0	118.333	0	5512.33643	0	282.66636	499.3334
T>C	16037.63337	0	15988.3	15982.96667	3	0	0	0	37351.30068	0	23951.96671	21287.63377
T>G	0	0	0	0	222.33367	0	222.33367	0	20033.99331	0	696.33324	246.66668
