muttype	clair3rna_cnt	clair3rna_apocnt	clair3rna_isTbefore	clair3rna_isAafter	lowfreq_cnt	lowfreq_apocnt	lowfreq_isTbefore	lowfreq_isAafter	bcftools_cnt	bcftools_apocnt	bcftools_isTbefore	bcftools_isAafter
A>C	265.66633	0	8.33333	0	232.3337	0	0	205.667	4685.99897	0	1195	878.3332
A>G	392.333	0	196.333	387.333	121.0001	0	16	47.66667	13703.9995	0	1170.99973	1651.33253
A>T	263.00032	0	153.33367	163.33365	9	0	0	0	1657.00037	0	1009.66697	541.0003
C>A	23.3333	0	23.3333	0	12.33333	0	7	5.33333	1790.66333	0	1330.66333	226.667
C>G	10	0	0	0	86.00003	0	0	0	2353.9997	0	581.3333	761.6662
C>T	17926.3343	17547.0013	17547.0013	3836.67	11.3333	0	0	11.3333	19589.66733	18566.66803	18566.66803	4119.3367
G>A	7440.9986	7204.9986	2289.331	7204.9986	0	0	0	0	8756.66593	8306.9989	2569.3306	8306.9989
G>C	17.3333	0	2	0	39.33337	0	0	0	3033.0005	0	465.6663	169.6666
G>T	20.66667	0	20.66667	9	0	0	0	0	1739.9991	0	413.6663	270.333
T>A	27.3333	0	2	0	655.00026	0	86.3333	0	1248.3334	0	192.6663	267.333
T>C	68.33333	0	67.33333	1	1587.00334	0	18	0	9423.33596	0	1596.00029	543.33323
T>G	74.33331	0	0	11	681.00007	0	178.3337	0	7801.66849	0	2746.66777	1147.66654
