muttype	clair3rna_cnt	clair3rna_apocnt	clair3rna_isTbefore	clair3rna_isAafter	lowfreq_cnt	lowfreq_apocnt	lowfreq_isTbefore	lowfreq_isAafter	bcftools_cnt	bcftools_apocnt	bcftools_isTbefore	bcftools_isAafter
A>C	536.667	0	66	66	246	0	67	0	1960.667	0	310	1237.667
A>G	2265	0	1378.333	1547	3805.334	0	2835.667	1566	9356.335	0	5982.6677	3059.001
A>T	1920.333	0	1739.333	373.333	6982.6687	0	3595.3344	1971.3337	21449.6692	0	11527.6681	7127.0012
C>A	15.6667	0	0	15.6667	2712.0004	0	939.6667	1074	5294.6674	0	1406.6667	2548.667
C>G	0	0	0	0	24	0	3	0	261.6667	0	134.6667	105
C>T	26732.0092	19472.3381	19472.3381	7819.997	23586.0088	18805.6721	18805.6721	5517.997	38499.6759	22464.3389	22464.3389	9883.6637
G>A	34893.664	26951.329	6620.332	26951.329	28602.3303	23887.9963	6146.332	23887.9963	44816.3308	31900.33	10212.9987	31900.33
G>C	0	0	0	0	0	0	0	0	234.667	0	187.667	176.667
G>T	503.667	0	0	0	3989.3334	0	1487.9997	834	6799.6668	0	2408.6664	850
T>A	1691.3337	0	58	1190.3337	6429.9997	0	1341.333	2296.333	19063.6674	0	5602.333	8031.3327
T>C	2646.0007	0	477.9997	1174.334	1622	0	672.333	1363.667	10618.3328	0	1539.667	6209.3334
T>G	156	0	0	0	95	0	71	24	2269.3327	0	847	220
