muttype	clair3rna_cnt	clair3rna_apocnt	clair3rna_isTbefore	clair3rna_isAafter	lowfreq_cnt	lowfreq_apocnt	lowfreq_isTbefore	lowfreq_isAafter	bcftools_cnt	bcftools_apocnt	bcftools_isTbefore	bcftools_isAafter
A>C	14.6667	0	0	0	393.0003	0	0	393.0003	16047.33212	0	3547.00063	819.33313
A>G	142	0	89.6667	142	0	0	0	0	8204.33631	0	1572.00348	3025.66616
A>T	7	0	6	0	97	0	0	0	5905.33853	0	2068.67003	1038.33404
C>A	105.66673	0	7	9.33333	0	0	0	0	3669.99933	0	955.33296	490.6666
C>G	1	0	0	0	0	0	0	0	3573.33285	0	242.66663	454.33327
C>T	11333.6601	11253.3268	11253.3268	4801.6634	0	0	0	0	13731.99328	12446.65984	12446.65984	5088.66341
G>A	4735.33683	4642.67016	1009.66673	4642.67016	13963	0	0	0	7518.67043	5686.0035	1334.00007	5686.0035
G>C	2	0	2	2	36368.36667	0	0	0	39784.03278	0	961.66647	232.99993
G>T	0	0	0	0	9850.67	0	0	0	1438.33354	0	569.99997	404.33326
T>A	1244.6667	0	14.6667	1230	11491	0	256.667	11032	8611.66645999999	0	1118.6666	3342.33334
T>C	334.6663	0	62.3333	1	14321.3333	0	18.3333	14303	27834.66363	0	4533.99631	17793.66304
T>G	10.33333	0	0	2	9470.0033	0	441.3333	9028.67	5499.66587	0	260.66683	1429.66677
