muttype	clair3rna_cnt	clair3rna_apocnt	clair3rna_isTbefore	clair3rna_isAafter	lowfreq_cnt	lowfreq_apocnt	lowfreq_isTbefore	lowfreq_isAafter	bcftools_cnt	bcftools_apocnt	bcftools_isTbefore	bcftools_isAafter
A>C	45.3333	0	0	2	168.333	0	0	167.333	8887.66823	0	1334.00066	756.33304
A>G	166.3334	0	121	135.3334	0	0	0	0	6983.99969999999	0	1337.6663	353.00008
A>T	481.33367	0	25.66667	11.66667	0	0	0	0	2380.99985	0	418.66617	759.66643
C>A	32.00004	0	5	8.66667	0	0	0	0	2416.00031	0	828.00015	709.33345
C>G	21	0	4	4	0	0	0	0	2535.00313	0	325.33338	178.6667
C>T	7331.9994	7283.9994	7283.9994	2802.3367	0	0	0	0	8239.99943	7733.33273	7733.33273	3062.33674
G>A	2993.3297	2894.663	736.9997	2894.663	0	0	0	0	5427.9964	3670.32966	1419.33308	3670.32966
G>C	12.6667	0	0	12.6667	0	0	0	0	2726.3337	0	549.99988	315.66667
G>T	87.33333	0	0	29.6667	1	0	1	0	538.00002	0	156.66668	142.33333
T>A	0	0	0	0	1985	0	1985	1985	6160.99961	0	1492.33342	1729.99945
T>C	77.33337	0	20.6667	0	1878.67	0	1875.67	1867.67	13473.0022	0	1411.99996	3762.33653
T>G	9	0	0	0	2679.667	0	2678.667	2475	3971.00032	0	605.66701	314.99999
