muttype	clair3rna_cnt	clair3rna_apocnt	clair3rna_isTbefore	clair3rna_isAafter	lowfreq_cnt	lowfreq_apocnt	lowfreq_isTbefore	lowfreq_isAafter	bcftools_cnt	bcftools_apocnt	bcftools_isTbefore	bcftools_isAafter
A>C	125.6667	0	55	0	1027.99994	0	9.66667	1021.6666	6844.32911	0	887.66653	1358.66707
A>G	263.00003	0	115	249.6667	385.00037	0	6	377.3337	6464.00341	0	3252.32988	390.33337
A>T	105.00003	0	51.33336	5	350.00033	0	2.33333	330.667	4465.3336	0	2757.00009	1844.33313
C>A	88	0	8.33334	40.99997	0	0	0	0	1870.33316	0	1001.66676	653.99963
C>G	6	0	2	1	0	0	0	0	4618.9993	0	1433.3329	542.9997
C>T	10519.66436	10246.33103	10246.33103	2639.99963	21.3333	4	4	0	13140.33191	12239.66521	12239.66521	3534.9999
G>A	4125.334	4125.334	1113.0007	4125.334	0	0	0	0	6484.00119000001	5849.6682	1923.33459	5849.6682
G>C	0	0	0	0	0	0	0	0	1394.00056	0	794.334	235.33329
G>T	90.33334	0	46.66667	36.66663	0	0	0	0	1419.66613	0	1053.33293	165.33333
T>A	32	0	5.66667	7.66667	618.33393	0	613.33393	0	5673.66983	0	918.66684	3560.00259
T>C	84.3334	0	84.3334	0	483.667	0	477.00033	0	7373.0064	0	3641.6734	950.3331
T>G	18.66667	0	0	0	1350.66627	0	1346.9996	3.66667	31922.99996	0	1028.3337	29071.6663
