muttype	clair3rna_cnt	clair3rna_apocnt	clair3rna_isTbefore	clair3rna_isAafter	lowfreq_cnt	lowfreq_apocnt	lowfreq_isTbefore	lowfreq_isAafter	bcftools_cnt	bcftools_apocnt	bcftools_isTbefore	bcftools_isAafter
A>C	5	0	0	1	836.6671	0	0	836.6671	18731.33962	0	3047.33591	4453.00036
A>G	51.3334	0	37.6667	37.6667	623.6664	0	0	623.6664	17703.66403	0	7001.33734	1289.66683
A>T	13.3333	0	0	0	40.6667	0	0	40.6667	8168.33439	0	4994.33442	1527.00074
C>A	41.6667	0	40.6667	4	39147.67	0	0	32102	35100.6664	0	1098.33335	33385.33326
C>G	7	0	4	3	9838.67	0	0	0	2068.99977	0	667.66634	223.3334
C>T	4003.32959	3988.99629	3988.99629	1890.33333	16104	0	0	8324.33	5277.66306	4517.66319	4517.66319	2176.33329
G>A	2174.3297	2132.663	322.99993	2132.663	815	0	815	0	5792.32595	3009.32946	774.33322	3009.32946
G>C	0	0	0	0	742.333	0	742.333	0	2708.00027	0	560.33321	747.66672
G>T	0	0	0	0	1100.33	0	1100.33	0	1949.99955	0	1053.3326	268.33322
T>A	37.33334	0	0	5	2642	0	2071.333	1605	9534.33286	0	1089.66654	3629.99984
T>C	289.9997	0	14	234.9997	3874.0014	0	1261.0014	0	17140.33642	0	2817.00079	3101.00308
T>G	25.3333	0	0	25.3333	3003.3297	0	1756.9997	4	9106.33418	0	2406.66744	3226.33351
