muttype	clair3rna_cnt	clair3rna_apocnt	clair3rna_isTbefore	clair3rna_isAafter	lowfreq_cnt	lowfreq_apocnt	lowfreq_isTbefore	lowfreq_isAafter	bcftools_cnt	bcftools_apocnt	bcftools_isTbefore	bcftools_isAafter
A>C	378.334	0	217.667	0	2914.99897	0	2.66667	2896.3323	16185.6607	0	2607.99677	3645.99697
A>G	594.6667	0	309.667	575	1177.3333	0	15	1164.3333	15734.32223	0	7192.33	744.6666
A>T	321.33374	0	247.667	232.66701	1275.00033	0	23.6667	1259.667	12325.99896	0	7467.99916	4052.0003
C>A	9.33333	0	0	0	4	0	0	4	4129.66417	0	2232.997	1573.33417
C>G	7.33333	0	0	0	12.33333	0	7.33333	12.33333	10168.3337	0	3049.6635	1338.0001
C>T	25186	24621.667	24621.667	5855.0037	17.66667	4.33333	4.33333	13.33334	31656.6648	29827.9991	29827.9991	8020.0039
G>A	9176.32467	9033.99097	2883.663	9033.99097	0	0	0	0	17981.66166	14559.3263	4603.99626	14559.3263
G>C	4.66667	0	0	0	0	0	0	0	4003.0009	0	1862.0006	613.6664
G>T	16.33333	0	6.33333	10	10.6667	0	10.6667	0	3134.66744	0	2031.66754	477.33377
T>A	92	0	0	0	1573.00137	0	1511.668	4	14444.66399	0	1980.99693	9298.66376
T>C	184.6667	0	184.6667	0	1098.66603	0	1079.666	0	15492.66626	0	5221.66686	2104.66923
T>G	34.6667	0	0	18	3439.0027	0	3415.0027	17	139697.9964	0	2131.33303	132436.6637
