muttype	clair3rna_cnt	clair3rna_apocnt	clair3rna_isTbefore	clair3rna_isAafter	lowfreq_cnt	lowfreq_apocnt	lowfreq_isTbefore	lowfreq_isAafter	bcftools_cnt	bcftools_apocnt	bcftools_isTbefore	bcftools_isAafter
A>C	3	0	0	0	72	0	0	72	6711.33726	0	688.33295	1600.00041
A>G	35.33337	0	25.6667	33.33337	12.3333	0	0	12.3333	6299.33623	0	2569.33635	157.33331
A>T	13.3333	0	0	0	0	0	0	0	1940.33261	0	1298.66613	249.33333
C>A	19.3333	0	19.3333	0	17105.67	0	0	14004	14818.99944	0	312.33299	14394.66635
C>G	2	0	0	2	4330.33	0	0	0	561.66649	0	258.33333	47.00003
C>T	1793.9998	1782.33313	1782.33313	845.66633	7066.33	0	0	3698	2078.33313	1892.66657	1892.66657	934.99963
G>A	980.33292	952.33289	184.66627	952.33289	0	0	0	0	1881.66589	1061.6662	314.33291	1061.6662
G>C	0	0	0	0	0	0	0	0	1471.33287	0	729.66638	358.00011
G>T	7	0	0	0	0	0	0	0	473.00075	0	206.00033	57.3334
T>A	117.66667	0	4.66667	112.66667	1088.33357	0	829.33357	676.667	2965.66828	0	460.33356	1237.33378
T>C	62.99997	0	14	2.66667	1436.00327	0	380.33327	0	6042.67012	0	521.6666	1407.33318
T>G	36	0	0	36	1125.6666	0	570.9996	0	2148.3333	0	986.66677	175.33333
