muttype	clair3rna_cnt	clair3rna_apocnt	clair3rna_isTbefore	clair3rna_isAafter	lowfreq_cnt	lowfreq_apocnt	lowfreq_isTbefore	lowfreq_isAafter	bcftools_cnt	bcftools_apocnt	bcftools_isTbefore	bcftools_isAafter
A>C	201.66633	0	19	0	5.33333	0	0	0	38813.00271	0	3208.66684	1664.99987
A>G	34	0	3	28	4	0	4	0	22330.32966	0	4092.33038	1059.00043
A>T	64.33337	0	9	5	0	0	0	0	16788.30041	0	428.33337	571.33334
C>A	1	0	0	0	0	0	0	0	868.66635	0	92.33334	113.3333
C>G	13	0	7	5	0	0	0	0	1510.33284	0	728.99958	299.66658
C>T	5841.00626	5822.67293	5822.67293	2979.00333	0	0	0	0	19026.9732	18456.3063	18456.3063	15566.3034
G>A	2297.66991	2272.33658	378.00027	2272.33658	0	0	0	0	3548.33703	2703.67033	611.33364	2703.67033
G>C	132.6667	0	56.3334	48.3333	0	0	0	0	11035.32995	0	3151.33314	852.99999
G>T	0	0	0	0	0	0	0	0	695.00005	0	351.99999	179.33333
T>A	0	0	0	0	112	0	112	0	7443.33282	0	507.99984	5574.33334
T>C	350.66657	0	98.66667	49.33327	0	0	0	0	46863.9649299999	0	4797.33256	2913.66321
T>G	1	0	1	0	192.667	0	189.667	3	8250.00264	0	1005.66694	875.33301
