muttype	clair3rna_cnt	clair3rna_apocnt	clair3rna_isTbefore	clair3rna_isAafter	lowfreq_cnt	lowfreq_apocnt	lowfreq_isTbefore	lowfreq_isAafter	bcftools_cnt	bcftools_apocnt	bcftools_isTbefore	bcftools_isAafter
A>C	344.3337	0	296.667	0	156.667	0	0	156.667	6348.33088	0	1202.33316	450.66695
A>G	63.33334	0	42.3333	59.66667	0	0	0	0	3362.334	0	690.99955	1253.66727
A>T	7.33333	0	0	5	3	0	0	0	2097.33286	0	811.99997	344.00029
C>A	636.9997	0	15.6667	2	2	0	2	0	1493.66614	0	445.99966	166.00004
C>G	0	0	0	0	0	0	0	0	1059.33313	0	108.66664	140.33337
C>T	4844.00043	4803.33373	4803.33373	2008.9967	0	0	0	0	5543.66707	5027.33376	5027.33376	2086.6634
G>A	2180.33327	2180.33327	466.00003	2180.33327	5882.34	0	0	0	3069.66658	2465.33308	547.66665	2465.33308
G>C	3	0	3	0	15442.33	0	0	0	16735.99696	0	405.667	89.33326
G>T	17.3333	0	0	17.3333	4161.67	0	0	0	1140.33326	0	887.66659	105.99996
T>A	497.667	0	0	497.667	4858.33	0	121	4645.33	3108.99968	0	412.99995	1070.99994
T>C	38.33327	0	27.6666	3	6016.67	0	0	6015.67	11200.33636	0	1796.00045	7393.67033
T>G	0	0	0	0	4015.6663	0	197.6663	3818	1787.33289	0	56.66664	372.66658
