muttype	clair3rna_cnt	clair3rna_apocnt	clair3rna_isTbefore	clair3rna_isAafter	lowfreq_cnt	lowfreq_apocnt	lowfreq_isTbefore	lowfreq_isAafter	bcftools_cnt	bcftools_apocnt	bcftools_isTbefore	bcftools_isAafter
A>C	58.3333	0	2	1	143.667	0	0	143.667	5101.66377	0	2021.66336	637.66637
A>G	195.66663	0	76.3333	166.3333	0	0	0	0	6945.66953	0	3188.66653	427.99993
A>T	53.33334	0	27.33334	17.66667	0	0	0	0	613.6671	0	396.33377	391.66707
C>A	57.33333	0	15	27.33333	0	0	0	0	805.66703	0	615.3337	39.6667
C>G	4	0	0	0	0	0	0	0	720.33357	0	253.66697	31.3333
C>T	6854.6689	6854.6689	6854.6689	1608.6666	0	0	0	0	8111.66883	6987.00213	6987.00213	1639.99993
G>A	2951.33367	2859.33367	835.66667	2859.33367	0	0	0	0	4295.99963	3263.3336	1001.0003	3263.3336
G>C	14	0	4.66667	0	0	0	0	0	1567.0009	0	98.00003	232.0003
G>T	48.33333	0	11	11.33333	0	0	0	0	1224.33294	0	288.6663	18.66667
T>A	21.00003	0	1	2.33333	111.333	0	111.333	0	448.00034	0	214.66697	183.3337
T>C	77.99997	0	71.3333	4	0	0	0	0	7243.3344	0	326.6665	3624.00004
T>G	10.66667	0	0	0	184.333	0	184.333	0	3796.33339	0	1522.3333	263
