muttype	clair3rna_cnt	clair3rna_apocnt	clair3rna_isTbefore	clair3rna_isAafter	lowfreq_cnt	lowfreq_apocnt	lowfreq_isTbefore	lowfreq_isAafter	bcftools_cnt	bcftools_apocnt	bcftools_isTbefore	bcftools_isAafter
A>C	29.33337	0	0	21.6667	2597.663	0	550	2346.33	11837.3325	0	851.33321	5735.32997
A>G	109.66677	0	67.6667	105.0001	950	0	612.667	594.333	7743.32901	0	5593.99671	1241.3328
A>T	37.66666	0	15.66666	5	1278.3333	0	675	896.333	3759.66688	0	1002.3339	1278.33374
C>A	351.33367	0	228.667	19.99997	207	0	0	207	955.66669	0	143.33331	454.99998
C>G	33	0	30.66667	7	116.667	0	0	116.667	1605.99995	0	497.3331	237.66662
C>T	4577.9966	4546.9966	4546.9966	1662.9967	135.667	0	0	135.667	5204.32989	4696.32997	4696.32997	1856.33004
G>A	2754.3343	2754.3343	591.6674	2754.3343	180	14	166	14	3435.66774	2818.6677	639.00074	2818.6677
G>C	4	0	4	4	130.667	0	130.667	0	9528.65969	0	6122.32664	7781.32675
G>T	14	0	8	6	229.6667	0	206	23.6667	2926.33329	0	2247.00037	347.99967
T>A	0	0	0	0	1338.3323	0	937.666	647.666	6109.33774	0	3148.67038	1317.66715
T>C	12.3333	0	12.3333	0	1087.333	0	589	668	15493.32948	0	1554.6666	3489.3296
T>G	9.33333	0	0	0	2853.997	0	2520.33	577	8050.67084	0	4761.67006	860.66672
