muttype	clair3rna_cnt	clair3rna_apocnt	clair3rna_isTbefore	clair3rna_isAafter	lowfreq_cnt	lowfreq_apocnt	lowfreq_isTbefore	lowfreq_isAafter	bcftools_cnt	bcftools_apocnt	bcftools_isTbefore	bcftools_isAafter
A>C	41.3334	0	18.6667	0	5993.333	0	1244.333	5423.333	27887.33586	0	2250.33244	13735.33343
A>G	303.333	0	184.333	258.333	2385.333	0	1539.667	1506.333	18659.32756	0	13479.66297	2886.33233
A>T	132.00001	0	122.33334	7.66667	2893	0	1556.333	1974.334	8201.33432	0	1616.3339	2269.667
C>A	112.00033	0	102.667	0	434.333	0	0	434.333	2200.3334	0	566.66676	819.6667
C>G	19.33333	0	11	0	302.333	0	0	302.333	4615.66981	0	1289.33334	1182.66677
C>T	10544.004	10458.6706	10458.6706	3941.3333	345.333	0	0	345.333	12432.3374	11036.33774	11036.33774	4339.33337
G>A	5990.99947	5934.66617	1350.3333	5934.66617	502.0003	40.3333	461.667	40.3333	8643.9997	6593.33323	1871.9999	6593.33323
G>C	1.33333	0	1.33333	1.33333	304.667	0	304.667	0	24562.00774	0	15645.00713	18748.66676
G>T	39.6667	0	0	7	569.6667	0	501	68.6667	2522.99994	0	784	885.33334
T>A	0	0	0	0	3191.667	0	2200	1554	13761.66424	0	6404.00105	3627.32999
T>C	182.3333	0	21.3333	2.66667	2581.666	0	1440.333	1552.333	36376.31288	0	3416.67012	7944.66976
T>G	8	0	0	0	7269.003	0	6477.67	1425	18276.33848	0	10447.00281	2398.99993
