muttype	clair3rna_cnt	clair3rna_apocnt	clair3rna_isTbefore	clair3rna_isAafter	lowfreq_cnt	lowfreq_apocnt	lowfreq_isTbefore	lowfreq_isAafter	bcftools_cnt	bcftools_apocnt	bcftools_isTbefore	bcftools_isAafter
A>C	536.667	0	66	66	246	0	67	0	1960.667	0	310	1237.667
A>G	2265	0	1378.333	1547	3805.334	0	2835.667	1566	9355.335	0	5982.6677	3059.001
A>T	1920.333	0	1739.333	373.333	6982.6687	0	3595.3344	1971.3337	21449.6692	0	11527.6681	7127.0012
C>A	15.6667	0	0	15.6667	2712.0004	0	939.6667	1074	5294.6674	0	1406.6667	2548.667
C>G	0	0	0	0	24	0	3	0	261.6667	0	134.6667	105
C>T	26635.0092	19375.3381	19375.3381	7820.997	23586.0088	18805.6721	18805.6721	5517.997	38499.6759	22464.3389	22464.3389	9883.6637
G>A	34894.664	26952.329	6621.332	26952.329	28604.3303	23889.9963	6147.332	23889.9963	44817.3308	31901.33	10212.9987	31901.33
G>C	0	0	0	0	0	0	0	0	235.667	0	188.667	176.667
G>T	503.667	0	0	0	3988.3334	0	1486.9997	833	6798.6668	0	2407.6664	849
T>A	1691.3337	0	58	1190.3337	6429.9997	0	1341.333	2296.333	19067.6674	0	5602.333	8035.3327
T>C	2646.0007	0	477.9997	1174.334	1622	0	672.333	1363.667	10618.3328	0	1539.667	6209.3334
T>G	156	0	0	0	95	0	71	24	2266.3327	0	847	220
