muttype	clair3rna_cnt	clair3rna_apocnt	clair3rna_isTbefore	clair3rna_isAafter	lowfreq_cnt	lowfreq_apocnt	lowfreq_isTbefore	lowfreq_isAafter	bcftools_cnt	bcftools_apocnt	bcftools_isTbefore	bcftools_isAafter
A>C	3.66667	0	0	0	2298.333	0	2195	103.333	5124.00333	0	24	894.3333
A>G	45.66663	0	32.66663	40.66663	560.667	0	560.667	0	11150.99663	0	1657.66657	1093.66669
A>T	270.3336	0	226.3336	0	481.333	0	481.333	0	3420.00081	0	628.3336	1624.66667
C>A	119.66663	0	6.33333	2	0	0	0	0	1996.33281	0	226.99964	166.33327
C>G	23.33333	0	23.33333	9.33333	0	0	0	0	9679.33339	0	332.6664	205.333
C>T	2516.3333	2476.99994	2476.99994	1318	4.33333	4.33333	4.33333	0	3245.99963	2601.66663	2601.66663	1329
G>A	1025.0005	1006.3338	177.00003	1006.3338	0	0	0	0	2389.33295	1192.99997	186	1192.99997
G>C	7.33333	0	7.33333	0	0	0	0	0	6460.0074	0	88.00007	3491.3374
G>T	0	0	0	0	0	0	0	0	690.6666	0	338.9999	57.66667
T>A	9.33333	0	4.33333	0	50.6667	0	50.6667	0	5751.00384	0	2250.6704	1454.33346
T>C	24.33334	0	12.66667	0	0	0	0	0	8786.99205	0	1403.99964	1551.99898
T>G	0	0	0	0	102.33333	0	93.33333	0	3916.66696	0	1248.33367	188.99993
