muttype	clair3rna_cnt	clair3rna_apocnt	clair3rna_isTbefore	clair3rna_isAafter	lowfreq_cnt	lowfreq_apocnt	lowfreq_isTbefore	lowfreq_isAafter	bcftools_cnt	bcftools_apocnt	bcftools_isTbefore	bcftools_isAafter
A>C	397.00033	0	5.33333	14.33333	813.3334	0	309.9997	62.00003	841.3334	0	316.33303	78.6667
A>G	1070.9997	0	449	1047.333	1333.66633	0	554	1123.9996	1337.33296	0	546	1134.9996
A>T	16	0	0	9	359.00003	0	229	162.99992	379.00001	0	240.66667	177.66659
C>A	3.66667	0	0	0	368.9997	0	151.6667	109.33333	425.66637	0	171.33337	120
C>G	3	0	3	3	69.6667	0	0	0	76.33337	0	3	3
C>T	16325.335	16052.002	16052.002	8124.337	16514.33499	16108.33533	16108.33533	8285.33699	16547.66833	16141.66867	16141.66867	8289.00366
G>A	22345.99667	21346.331	8334.329	21346.331	22688.99665	21570.99764	8473.6623	21570.99764	22706.99665	21574.66431	8480.6623	21574.66431
G>C	5.33333	0	5.33333	5.33333	44	0	24.3333	19.6667	57.66667	0	26.66663	25.00003
G>T	917	0	0	7	1234.33295	0	34.66668	245.66634	1291.99963	0	54.33335	268.33301
T>A	5	0	0	5	165.33326	0	46.33333	39.3333	170.66663	0	52.33333	31.66667
T>C	647.667	0	637.667	0	1258.66728	0	799.66697	545.66697	1275.00061	0	778.66697	515.33363
T>G	191.99967	0	0	185.333	248.99963	0	16	195.99967	268.33297	0	19	209.333
