muttype	clair3rna_cnt	clair3rna_apocnt	clair3rna_isTbefore	clair3rna_isAafter	lowfreq_cnt	lowfreq_apocnt	lowfreq_isTbefore	lowfreq_isAafter	bcftools_cnt	bcftools_apocnt	bcftools_isTbefore	bcftools_isAafter
A>C	351.333	0	10	6.33333	560.99973	0	126.6667	46.33333	574.33307	0	130.6667	53.33333
A>G	1136.334	0	486.667	1132.334	1332.0007	0	570.3337	1165.00067	1348.00066	0	557.667	1165.00067
A>T	12.66667	0	2.66667	2.66667	298.33366	0	230.66697	126.33332	316.00033	0	233.66697	128.99999
C>A	7.66667	0	3	0	275.3333	0	110.3333	69.3333	343.66665	0	139.99997	92.33331
C>G	0	0	0	0	104.3333	0	0	0	104.3333	0	0	0
C>T	17344.997	17014.33	17014.33	8726	17520.33033	17086.32996	17086.32996	8846.6667	17533.99699	17090.66329	17090.66329	8855.33336
G>A	22783.659	21691.326	8566.663	21691.326	23033.6589	21815.326	8638.3297	21815.326	23065.32556	21839.99266	8647.99636	21839.99266
G>C	0	0	0	0	53.3333	0	25	35	65.3333	0	33	38
G>T	835.33367	0	0	0	983.0004	0	21.33333	84.6667	1030.0004	0	25.33333	91.33336
T>A	19	0	7.33333	0	71.33339	0	19.33333	32.00003	98.33336	0	19.33333	22.66666
T>C	764	0	760	0	1206.66637	0	909.00003	393.99967	1260.66637	0	905.00003	408.333
T>G	133.667	0	0	133.667	192.66696	0	17	137.667	247.66702	0	32.6667	145.667
