muttype	clair3rna_cnt	clair3rna_apocnt	clair3rna_isTbefore	clair3rna_isAafter	lowfreq_cnt	lowfreq_apocnt	lowfreq_isTbefore	lowfreq_isAafter	bcftools_cnt	bcftools_apocnt	bcftools_isTbefore	bcftools_isAafter
A>C	239.66666	0	2.33333	2.33333	494.66701	0	187.3337	30.6667	545.00034	0	202.3337	54.6667
A>G	762.9997	0	319.333	742.333	882.66644	0	368.33303	777.66638	972.33312	0	384.33303	799.33305
A>T	11	0	6	2	301.33333	0	204.33339	99.6667	340.66666	0	214.66672	112.6667
C>A	15.33334	0	7	9.66667	307.99994	0	161.99997	135.66667	382.66662	0	191.33331	170.33334
C>G	2	0	0	0	97.3333	0	0	6.66667	115.66664	0	7.66667	14.33334
C>T	10964.335	10743.668	10743.668	5355.334	11126.66834	10781.0013	10781.0013	5498.33401	11174.00167	10803.33463	10803.33463	5518.00068
G>A	14628.33867	13986.338	5311.668	13986.338	14894.67213	14121.00473	5417.0014	14121.00473	14938.67213	14140.00473	5424.0014	14140.00473
G>C	0	0	0	0	49.6667	0	23.33337	15.66667	69.00004	0	26.33337	23.66667
G>T	573.333	0	0	8.33333	847.33333	0	22.33334	188.00036	915.66666	0	48.33333	213.00036
T>A	5.33334	0	0	0	81.3333	0	20.3333	22.33337	122.3333	0	34.99997	27.00004
T>C	449.99967	0	447.99967	2	901.3327	0	568.99967	414.99967	988.33271	0	582.66634	430.99967
T>G	0	0	0	0	203.33336	0	17	149.33333	240.6667	0	30.66667	155.33333
