muttype	clair3rna_cnt	clair3rna_apocnt	clair3rna_isTbefore	clair3rna_isAafter	lowfreq_cnt	lowfreq_apocnt	lowfreq_isTbefore	lowfreq_isAafter	bcftools_cnt	bcftools_apocnt	bcftools_isTbefore	bcftools_isAafter
A>C	385.66703	0	25	0	1085.667	0	559.33333	124	1138.33367	0	582.66666	136
A>G	1098.6663	0	449.333	1079.333	1385.99983	0	581.33313	1175.9997	1403.99983	0	585.33313	1178.9997
A>T	26.3333	0	26.3333	6.66667	446.6663	0	296.99963	172.66664	483.99967	0	328.99963	201.99998
C>A	190.667	0	9.33333	0	627.33406	0	350.00036	277.3337	708.00074	0	375.00036	296.00037
C>G	4	0	0	0	144.3334	0	18.00003	18.00003	171.33343	0	21.00003	18.00003
C>T	17200.001	16867.001	16867.001	8436.667	17511.00144	16914.33437	16914.33437	8712.33407	17547.66811	16933.33437	16933.33437	8719.00074
G>A	22960.668	21973.668	8471.332	21973.668	23506.00119	22222.0013	8724.33196	22222.0013	23508.33456	22235.66797	8729.33196	22235.66797
G>C	2	0	2	2	52	0	31.6667	34.3333	81.33333	0	41.00003	55.66663
G>T	902	0	9	3	1609.00074	0	42.00004	434.3337	1684.00072	0	56.33338	463.00037
T>A	23.6667	0	11.6667	0	246.66664	0	70.33334	57.00004	332.99998	0	101.33334	71.66671
T>C	678.00067	0	665.334	0	1646.00066	0	915.33434	875.33334	1639.334	0	848.33434	804.33334
T>G	280.33367	0	8	233.00033	326.0003	0	41	240.00033	351.33363	0	50	252.00033
