muttype	clair3rna_cnt	clair3rna_apocnt	clair3rna_isTbefore	clair3rna_isAafter	lowfreq_cnt	lowfreq_apocnt	lowfreq_isTbefore	lowfreq_isAafter	bcftools_cnt	bcftools_apocnt	bcftools_isTbefore	bcftools_isAafter
A>C	3150.33337	0	1616.66667	715.667	1261.333	0	1215.333	46	3336.66674	0	1655.66667	762.667
A>G	19171.3347	0	4548.001	3757.3337	9499.334	0	1795.334	1272.667	20246.66803	0	5031.001	3933.66703
A>T	792.00004	0	190	80.33337	77	0	59	18	1009.33338	0	281.66671	145.6667
C>A	4770.00412	0	2645.33678	760.66667	2848.6707	0	1936.3367	101.667	5123.00482	0	2863.33717	899.66698
C>G	402	0	36	32	0	0	0	0	1103.66701	0	185.66667	252.667
C>T	14728.00504	4460.00034	4460.00034	2533.33367	9787.3377	3915	3915	737.3337	15294.33844	4816.00037	4816.00037	2685.00037
G>A	16300.00067	3439.00067	7073.66337	3439.00067	10409.6667	2388.667	4961.663	2388.667	16708.6674	3535.66733	7155.99673	3535.66733
G>C	1733	0	435	218	1417	0	425	0	2406.00001	0	618	494.00001
G>T	8015.67035	0	5151.67	2104.00001	5474.004	0	4491.337	694.667	8156.33704	0	5234.00337	2132
T>A	1169.00037	0	8	111	478.0001	0	83.0001	0	1484.66712	0	175.33344	221.66667
T>C	14819.333	0	1754.667	3658.333	7992.666	0	988.667	1584.333	15528.99967	0	1868.667	3916.333
T>G	3177.32967	0	216.333	2164.33	3099.997	0	89	2540.997	4334.66337	0	614.333	2812.33033
