muttype	clair3rna_cnt	clair3rna_apocnt	clair3rna_isTbefore	clair3rna_isAafter	lowfreq_cnt	lowfreq_apocnt	lowfreq_isTbefore	lowfreq_isAafter	bcftools_cnt	bcftools_apocnt	bcftools_isTbefore	bcftools_isAafter
A>C	2247.6667	0	0	180	758	0	0	0	13665.33718	0	124	624.00034
A>G	4198.667	0	488	3852.667	2839.3337	0	387	474.6667	7481.33407	0	812.33337	4438.66707
A>T	285.99967	0	240.33297	181.333	394.667	0	64	36	3461.66594	0	2229.33224	552.3333
C>A	7691.99464	0	6750.9947	1312.99934	9923.994	0	7535.664	1648	23210.98818	0	18606.99124	5208.33297
C>G	23	0	8	15	888	0	888	0	2997.3333	0	2862	312.667
C>T	64876.294	35716.994	35716.994	6053.33	48474.297	18148.6633	18148.6633	5014.997	67644.961	37111.3273	37111.3273	7007.6637
G>A	54962.00433	52589.67133	15271.67	52589.67133	28792	28608	6849.67	28608	55734.67134	52897.67134	15457.337	52897.67134
G>C	9	0	9	9	0	0	0	0	874.6664	0	89.6667	850.6664
G>T	846.66675	0	236.66674	544.66671	1480.3297	0	383.9997	0	8546.66249	0	3628.99871	4107.99988
T>A	56.3333	0	54.3333	54.3333	2081.9997	0	1099.6667	1061.6663	4928.33297	0	1249.66667	2546.33266
T>C	3970.004	0	674.334	8	3640.67	0	60	60	5927.33767	0	795.334	260.6666
T>G	80	0	0	0	3156.6636	0	961.3333	0	7260.99637	0	1000.3333	836.6667
