muttype	clair3rna_cnt	clair3rna_apocnt	clair3rna_isTbefore	clair3rna_isAafter	lowfreq_cnt	lowfreq_apocnt	lowfreq_isTbefore	lowfreq_isAafter	bcftools_cnt	bcftools_apocnt	bcftools_isTbefore	bcftools_isAafter
A>C	9558.0028	0	2297.0004	3062.67	4237.3363	0	892	1394.0033	10127.33613	0	2329.0004	3148.33663
A>G	61703.67437	0	21451.00503	10206.005	33819.005	0	11630.671	4389.004	62716.34105	0	21730.33837	10400.67167
A>T	7554.66737	0	2299	1107.66637	3693.0001	0	1494	34.3334	7963.33445	0	2398.66664	1193.99981
C>A	21452.34405	0	1360.00004	2680.67034	15939.01	0	25	1925.67	22100.34437	0	2041.33357	2711.00374
C>G	464.66667	0	23.66667	426	7	0	0	7	1041.66668	0	191.00001	693
C>T	40623.66937	9828.33667	9828.33667	12914.33337	18135	6105.67	6105.67	5497.333	41142.0027	10132.67	10132.67	13013.33337
G>A	28815.0093	6005.004	8362.67	6005.004	8104.007	1393.67	2983.67	1393.67	30607.3426	6082.67067	9328.33663	6082.67067
G>C	4152	0	464	360	2416	0	0	0	4730.33334	0	582	625
G>T	9157.99838	0	2308.99634	3730.33037	4807.664	0	1268.33	3122.33	9645.33165	0	2458.32967	4040.99698
T>A	4886.33403	0	1535.33433	861.9997	2094.33334	0	114.33334	0	5495.33406	0	1726.66768	1004.66638
T>C	53104.0137	0	11844.337	17932.67437	26354.01037	0	7553.337	7315.00667	54483.68037	0	12166.00367	18322.00767
T>G	15835.6737	0	2926.667	8526.3367	11745.33997	0	1524.99997	7967.67	17383.34007	0	3098.3337	9636.33637
