muttype	clair3rna_cnt	clair3rna_apocnt	clair3rna_isTbefore	clair3rna_isAafter	lowfreq_cnt	lowfreq_apocnt	lowfreq_isTbefore	lowfreq_isAafter	bcftools_cnt	bcftools_apocnt	bcftools_isTbefore	bcftools_isAafter
A>C	2640.334	0	4	177.667	1358	0	0	0	12688.32837	0	111	636.0003
A>G	3756.66667	0	398	3451	2870.9997	0	403	488.333	7015.99974	0	837	4175.333
A>T	248.6667	0	225.6667	196	164	0	130.3333	33.6667	3798.33442	0	2248.00066	794.99974
C>A	6527.66663	0	5840.667	1066.33313	10411.9967	0	8058.6597	1830.6697	22745.99884	0	18371.32941	4849.66967
C>G	11	0	6	3	0	0	0	0	2734.3337	0	2282.3337	8
C>T	58793.297	31822.997	31822.997	5060.003	42729.3	14496.3333	14496.3333	4338.67	61557.9637	33113.66367	33113.66367	6114.003
G>A	48729.667	46736	13442	46736	23754	23561	4063.33	23561	49899.66693	47464.6666	13621	47464.6666
G>C	6	0	0	4	0	0	0	0	846.66707	0	113	819.0004
G>T	703.00006	0	198.33338	339.33335	1778.663	0	628.333	279.333	8158.99668	0	3331.00117	3785.99875
T>A	58	0	43	45	2029.333	0	1026	1072.9997	4837.66638	0	1239.00004	2563.66604
T>C	3446.33	0	580	37	3307.9967	0	63	82.6667	5419.3304	0	679.33333	278.00007
T>G	38.33337	0	1	1	2859.9966	0	920.3336	0	8146.6649	0	1025.0003	956.9997
