muttype	clair3rna_cnt	clair3rna_apocnt	clair3rna_isTbefore	clair3rna_isAafter	lowfreq_cnt	lowfreq_apocnt	lowfreq_isTbefore	lowfreq_isAafter	bcftools_cnt	bcftools_apocnt	bcftools_isTbefore	bcftools_isAafter
A>C	3849.0034	0	8	185.667	387.333	0	0	0	14050.00437	0	108.3333	786.0003
A>G	3824.337	0	298.667	3594.337	2868	0	229	479.333	7373.33707	0	719.667	4253.3367
A>T	311.33334	0	277	236.66667	120.3334	0	55	43.6667	3703.66607	0	2267.99933	713.9997
C>A	9488.32707	0	7365.32967	900.00077	9596.997	0	6788.333	2006.667	26530.99415	0	21736.99604	6267.66757
C>G	15	0	9	4	0	0	0	0	2347.33337	0	1852.33367	364.3333
C>T	60137.383	32563.683	32563.683	5396.003	45422.0464	16631.68	16631.68	4545.003	62675.38277	33607.34967	33607.34967	6368.336
G>A	50555.00367	48666.33667	14027.99967	48666.33667	26322.67	26301.67	6425.67	26301.67	51500.33667	49274.66967	14188.333	49274.66967
G>C	644.33333	0	3	610	0	0	0	0	766.6667	0	107	724.6667
G>T	863.33348	0	245.99997	473.33341	1863.6667	0	695.6667	307.667	8720.33251999999	0	3668.6655	4013.33359
T>A	27	0	5	16	2041.996	0	990.666	1106.33	5218.99633	0	1211.99928	2813.99631
T>C	3257.664	0	598.334	18	3942.997	0	67	83	5278.9977	0	717.334	367.6667
T>G	55	0	1	0	3797.3297	0	1004.333	0	7847.99773	0	1111.6663	771.667
