muttype	clair3rna_cnt	clair3rna_apocnt	clair3rna_isTbefore	clair3rna_isAafter	lowfreq_cnt	lowfreq_apocnt	lowfreq_isTbefore	lowfreq_isAafter	bcftools_cnt	bcftools_apocnt	bcftools_isTbefore	bcftools_isAafter
A>C	169	0	8	21	20	0	0	16	255.6667	0	28	45
A>G	252	0	53	191	238	0	28	138	1045	0	386	380
A>T	69	0	27	35	10	0	5	5	217	0	64	56
C>A	268.33334	0	110	103.33334	72	0	72	0	282	0	113	87
C>G	93	0	29	21	31	0	7	3	681.66671	0	231	153.33334
C>T	2275	1558	1558	193	1712.33334	982.33334	982.33334	118	2497.66667	1629.66667	1629.66667	241
G>A	2460	2372	815	2372	1770	1753	631	1753	2718	2453	875	2453
G>C	49	0	16	24	19	0	8	5	620.33334	0	131	203.33334
G>T	160.33334	0	62.66667	71.66667	0	0	0	0	193	0	74	85
T>A	25.66667	0	5	8	14	0	14	0	239.66668	0	89	68
T>C	72	0	34	19	126	0	13	17	946.33334	0	270.33334	380
T>G	20	0	6	3	18.6667	0	18.6667	0	161.6667	0	57.6667	24
