muttype	clair3rna_cnt	clair3rna_apocnt	clair3rna_isTbefore	clair3rna_isAafter	lowfreq_cnt	lowfreq_apocnt	lowfreq_isTbefore	lowfreq_isAafter	bcftools_cnt	bcftools_apocnt	bcftools_isTbefore	bcftools_isAafter
A>C	2609.33367	0	1246	590	654.3333	0	578	76.3333	2740.66697	0	1270	662.99997
A>G	15972.0007	0	3857.666	3048	7287.333	0	809.333	813	16839.00074	0	4155.33269	3270.33335
A>T	822.66667	0	183	86	108.3333	0	41	62.3333	1129.33332	0	293	197.66658
C>A	4395.66382	0	2488.66382	683.33334	2176.6633	0	1671.33	71.3333	4891.33045	0	2777.99715	875.99997
C>G	457	0	32	158	12	0	0	7	981.66667	0	186	231
C>T	12625.0034	3859.33	3859.33	2239	7357.003	3449.997	3449.997	596.333	13133.6701	4122.33	4122.33	2379.6667
G>A	13203.668	2600.667	5867.337	2600.667	8036.6673	1486	3798.337	1486	13594.3346	2733.667	5948.6703	2733.667
G>C	1323.667	0	299	187	421	0	8	0	1808.00034	0	378	335.66667
G>T	6823.0007	0	4495.0007	1781.6677	5206.667	0	4365.334	1029.334	7062.00065	0	4594.66734	1883.66761
T>A	968.66667	0	19	96	98.3333	0	98.3333	0	1346.66663	0	210.33333	226
T>C	12216.66773	0	1431.333	2902.66733	6463.001	0	514	1360.667	12888.00107	0	1583.99967	3172.00067
T>G	2887.66337	0	461	1826.33	2283.997	0	122	2161.997	3765.33043	0	586	2389.6637
