muttype	clair3rna_cnt	clair3rna_apocnt	clair3rna_isTbefore	clair3rna_isAafter	lowfreq_cnt	lowfreq_apocnt	lowfreq_isTbefore	lowfreq_isAafter	bcftools_cnt	bcftools_apocnt	bcftools_isTbefore	bcftools_isAafter
A>C	53438.3473	0	13241.3343	18314.0063	16510.0003	0	0	10123.0003	60224.67931	0	13572.66731	19090.34
A>G	352827.00577	0	122832.3134	59665.00667	179683.3334	0	67280.6367	24802.67	362653.00234	0	130161.97664	60361.00664
A>T	47684.99797	0	14109.0003	4273.33667	28818.3331	0	9997.33	436.6661	51865.9948	0	14991.66603	5098.3351
C>A	129826.34728	0	7041.66584	13247.67047	104315.01	0	1476	9401.667	142665.34681	0	17567.99924	15998.3374
C>G	1563.67	0	12	1551.67	0	0	0	0	3612.33337	0	648.3327	2722.66667
C>T	227868.6357	53779.9767	53779.9767	71447.6707	85823.633	34604.633	34604.633	23320.663	229090.6353	54627.643	54627.643	71723.6703
G>A	166179.35984	28336.341	46666.6854	28336.341	69565.01	5315	20431.01	5315	176177.69957	28796.6744	51254.35507	28796.6744
G>C	21431.34	0	2439	1690	10027	0	0	0	22814.67363	0	2904.33333	2828.667
G>T	56690.67406	0	12499.99412	22944.32699	31123.334	0	7992.997	19159.664	65171.67614	0	15497.66154	28489.66221
T>A	26256.331	0	6873.664	4569.9937	10950.6697	0	955.9997	0	34093.00455	0	10661.33377	5680.32744
T>C	323767.4294	0	75954.031	101303.718	164635.39733	0	51281.36	36448.37033	332360.44037	0	79501.3677	101848.05163
T>G	77821.37511	0	11117.003	42698.361	31495.66	0	1164	20195.99	94146.71204	0	17047.67664	48796.35767
