muttype	clair3rna_cnt	clair3rna_apocnt	clair3rna_isTbefore	clair3rna_isAafter	lowfreq_cnt	lowfreq_apocnt	lowfreq_isTbefore	lowfreq_isAafter	bcftools_cnt	bcftools_apocnt	bcftools_isTbefore	bcftools_isAafter
A>C	2933.334	0	1526.334	676	1188.6673	0	1118.334	78.3333	3126.6673	0	1575.334	764.3333
A>G	18108.99807	0	4346.66837	3575.3337	8781.3307	0	1638.334	1208.3337	19000.66477	0	4674.0017	3803.0004
A>T	875.6667	0	201	76.6667	102.6667	0	43	48.6667	1145.66677	0	310.33334	197.00007
C>A	4589.66713	0	2478.33345	626.33337	2747.0003	0	1835.0003	106	5023.33404	0	2801.00034	825.33337
C>G	497	0	28	169	12	0	5	0	993.66667	0	189.66667	268
C>T	14139.998	4348.33	4348.33	2533.001	9284.997	3838.33	3838.33	662.667	14754.33134	4639.99667	4639.99667	2686.66767
G>A	15095.9947	3033.334	6607.6637	3033.334	9358.3274	2183.334	4488.997	2183.334	15512.9948	3145.334	6690.3304	3145.334
G>C	1652.667	0	376	235	937.667	0	359	0	2267.00034	0	512	452
G>T	7584.66735	0	4852.33067	1965.00067	5727.334	0	4706.664	1109.334	7791.00071	0	4931.99734	2095.00071
T>A	1047.3333	0	14	112.3333	424.33337	0	92.33337	7	1406.33331	0	174.33333	224.33327
T>C	13657.33297	0	1699.333	3179.99967	7310.667	0	1003	1278	14369.99967	0	1851.9997	3421.99967
T>G	2967.333	0	216	2007.333	2868.6667	0	75.6667	2325	4168.99977	0	617.6667	2642.66637
