muttype	clair3rna_cnt	clair3rna_apocnt	clair3rna_isTbefore	clair3rna_isAafter	lowfreq_cnt	lowfreq_apocnt	lowfreq_isTbefore	lowfreq_isAafter	bcftools_cnt	bcftools_apocnt	bcftools_isTbefore	bcftools_isAafter
A>C	37108.007	0	23077.337	8222.007	19221	0	18446	535.667	42660.67124	0	23308.67047	8895.0074
A>G	194266.6463	0	55692.0073	35493.991	96596.964	0	20968	7993	197608.64704	0	56475.674	36220.991
A>T	6893.6673	0	1754.33663	443	321.667	0	0	321.667	10726.00172	0	4098.67002	1212.00073
C>A	45853.99737	0	25302.6704	6320.32997	34427.668	0	24672.004	669.667	54816.3316	0	31965.67193	8760.66363
C>G	3206.67	0	7	2	3196.67	0	0	0	5120.6697	0	697.666	943.667
C>T	154240.972	42299.304	42299.304	23314.991	104923.627	32051.637	32051.637	4109.33	156761.63907	44580.97107	44580.97107	23763.6577
G>A	167314.658	37128.03	72525.257	37128.03	101469.327	23652.03	44185.93	23652.03	169222.32467	37810.36337	72723.25667	37810.36337
G>C	11887.34	0	3565	2040	3562	0	3562	0	13111.6741	0	3968.3334	2927.334
G>T	82955.96077	0	62532.62707	21294.32707	63645.634	0	56354.63	8793.664	90186.62731	0	65212.62711	25723.66001
T>A	8303.3327	0	76.6667	826.9997	4122.0029	0	967.3329	0	10774.99958	0	1311.99963	1878.3337
T>C	188641.71697	0	32520.0363	47036.34067	122431.04067	0	26154.037	30245.66667	190530.71697	0	31906.3699	47147.0074
T>G	20284.67337	0	1579.67	14411.67	23957.669	0	1003.333	19853.67	37381.33836	0	5260.66666	22345.00633
