muttype	clair3rna_cnt	clair3rna_apocnt	clair3rna_isTbefore	clair3rna_isAafter	lowfreq_cnt	lowfreq_apocnt	lowfreq_isTbefore	lowfreq_isAafter	bcftools_cnt	bcftools_apocnt	bcftools_isTbefore	bcftools_isAafter
A>C	8016.6677	0	1989.334	2634.334	2858.3333	0	796	1261.3333	8498.3343	0	2051.66733	2677.6673
A>G	54014.6801	0	18618.3407	8691.0037	28805.678	0	10485.341	3740.67	55020.68011	0	18951.3407	8838.33704
A>T	6262.33037	0	2030.32967	900.33337	3136.6637	0	1352.33	17.6667	6959.33004	0	2140.9963	983.33334
C>A	18753.33052	0	1398.00044	2215.99608	13956.99667	0	8.66667	1649.32967	19167.33048	0	1721.66711	2239.99604
C>G	422	0	20	375	0	0	0	0	993.00004	0	189.6667	566
C>T	35328.00527	8319.32767	8319.32767	11111.66327	16281.00367	5195.32667	5195.32667	3484.99667	35672.67194	8481.661	8481.661	11180.32994
G>A	24726.3375	5047.3367	7285.3341	5047.3367	8865.337	1158.67	2771.667	1158.67	26318.0048	5112.00337	8158.3344	5112.00337
G>C	3758.331	0	458	321.667	2136.997	0	0	0	4524.331	0	565	818.667
G>T	8029.00382	0	2023.00334	3217.67011	3840.337	0	1407.67	2368.67	8708.00428	0	2453.33671	3771.67057
T>A	4286.6624	0	1369.3327	743.333	1862.66336	0	81.33333	5.33333	4898.99617	0	1535.3327	876.6664
T>C	47286.0048	0	10800.333	16000.33613	24641.3347	0	7015.3327	6593.0007	48178.00517	0	10899.9997	16248.33617
T>G	13223.01067	0	1357	8006.677	8017.01033	0	861.33333	6839.677	14770.6774	0	2635.6667	8128.34367
