muttype	clair3rna_cnt	clair3rna_apocnt	clair3rna_isTbefore	clair3rna_isAafter	lowfreq_cnt	lowfreq_apocnt	lowfreq_isTbefore	lowfreq_isAafter	bcftools_cnt	bcftools_apocnt	bcftools_isTbefore	bcftools_isAafter
A>C	55131.04838	0	14291.33437	19868.7067	23487.0364	0	5693.67	11415.3664	61600.04811	0	14488.33437	20526.7064
A>G	345137.0618	0	122418.3581	62033.342	169816.39	0	58747.03	26302	355042.39594	0	129740.69147	62639.3421
A>T	48836.69137	0	14583.33737	4649.664	36718.0333	0	10377	7555.3363	60086.36105	0	15686.67131	12484.667
C>A	126806.26404	0	7414.66627	14020.99677	100854.27	0	1926.667	9368.33	138706.59452	0	17339.66321	16232.99701
C>G	1581.00333	0	16	1553.67	0	0	0	0	3614.3324	0	780.999	2634
C>T	225365.47373	51313.0707	51313.0707	70573.721	104440.8067	32124.0667	32124.0667	26670.73	227871.80784	53391.73807	53391.73807	71847.72137
G>A	174442.65673	27700.008	51521.6877	27700.008	82551.9567	0	27980.6667	0	190295.32007	28138.67467	56390.6877	28138.67467
G>C	21397.34	0	2444	1573.67	10373	0	0	0	22243.67337	0	2998.667	2177.67
G>T	51326.33984	0	12756.33967	22516.33674	24056.003	0	7810.67	17079.673	58394.34024	0	14450.67391	27241.33731
T>A	33944.631	0	7082.994	4529.334	18400.6336	0	832.3336	0	43447.96424	0	11033.65826	5492.00097
T>C	321327.583	0	81393.93903	99462.9883	155702.5597	0	56922.2667	36955.66	330362.24917	0	85696.26877	100345.65437
T>G	75616.35866	0	10554.007	40216.35	55423.0074	0	1046.3334	30419.67	100528.35914	0	16441.6771	47491.0133
