muttype	clair3rna_cnt	clair3rna_apocnt	clair3rna_isTbefore	clair3rna_isAafter	lowfreq_cnt	lowfreq_apocnt	lowfreq_isTbefore	lowfreq_isAafter	bcftools_cnt	bcftools_apocnt	bcftools_isTbefore	bcftools_isAafter
A>C	7.66667	0	7.66667	0	919.00007	0	647.0001	5.33333	1069.66674	0	644.0001	47.33333
A>G	1214.6636	0	1024.33	1213.6636	1244.3303	0	1023.33	1213.6636	1385.33032	0	1047.66334	1210.3303
A>T	69	0	37.6667	0	614.33337	0	432	155.3334	937.66667	0	618.33327	183.66673
C>A	0	0	0	0	229.00003	0	17	141.3334	296.33333	0	44	152.6667
C>G	0	0	0	0	23.3333	0	0	0	40.3333	0	1	1
C>T	61041.30006	50740.6334	50740.6334	9191.33666	63845.63633	53509.63633	53509.63633	9505.33633	64048.63638	53671.9697	53671.9697	9534.33634
G>A	65848.6846	54092.0176	18356.0043	54092.0176	66660.35057	54556.3506	18488.33767	54556.3506	66784.35058	54624.35057	18497.67104	54624.35057
G>C	0	0	0	0	89	0	64.6667	0	114.66667	0	65.6667	0
G>T	408	0	0	0	1055.3333	0	416.9996	239.333	1113.99996	0	431.99959	243.333
T>A	4.33334	0	0	1	629.6669	0	250.0003	546.6669	744.66697	0	264.0003	598.33358
T>C	11401.96666	0	11395.63333	2	11803.96597	0	11393.3	0	11931.96601	0	11405.96667	44.33336
T>G	0	0	0	0	589.33327	0	67	253.99997	620.66663	0	74.66667	278.33333
