muttype	clair3rna_cnt	clair3rna_apocnt	clair3rna_isTbefore	clair3rna_isAafter	lowfreq_cnt	lowfreq_apocnt	lowfreq_isTbefore	lowfreq_isAafter	bcftools_cnt	bcftools_apocnt	bcftools_isTbefore	bcftools_isAafter
A>C	117	0	6	14	20.6667	0	0	20.6667	197.3334	0	24	57.6667
A>G	267.66667	0	65	195	133	0	32	25	1073	0	404	395
A>T	68	0	22	30	22.6667	0	2	14.6667	293.33338	0	78.66667	103.66671
C>A	262.66667	0	107.66667	70.66667	52	0	52	0	350.00007	0	239.3334	44
C>G	81	0	16	32	32	0	3	4	652.33334	0	212.66667	162.66667
C>T	2387.0007	1564.3337	1564.3337	201.667	1661.334	791.667	791.667	145.667	2722.66737	1713.00037	1713.00037	296.667
G>A	2503.334	2417.334	749.667	2417.334	1322.334	1283.334	404.667	1283.334	2773.00067	2494.334	798.33367	2494.334
G>C	88.66667	0	16	26.66667	32	0	5	0	629.66668	0	134	220.66668
G>T	154.99997	0	53.99997	71.66667	0	0	0	0	216.99997	0	79.3333	79
T>A	20.66667	0	4	7.66667	33.6667	0	30.6667	3	238.33337	0	92.6667	78.66667
T>C	52	0	32	5	136	0	4	31	866.33333	0	194	337.33333
T>G	31	0	2	3	38.6667	0	29.6667	0	150.33337	0	57.33337	16
