muttype	clair3rna_cnt	clair3rna_apocnt	clair3rna_isTbefore	clair3rna_isAafter	lowfreq_cnt	lowfreq_apocnt	lowfreq_isTbefore	lowfreq_isAafter	bcftools_cnt	bcftools_apocnt	bcftools_isTbefore	bcftools_isAafter
A>C	29380.99667	0	17776	6717.67	570	0	0	570	34270.99727	0	18006.66673	7585.33667
A>G	168880.0154	0	46698.3577	29377.68	61378.3	0	117	339	171944.01551	0	47069.35771	30106.68
A>T	5903.3363	0	1249.6663	181.99967	335.33293	0	8.33333	326.9996	9061.33679	0	3249.00059	911.99923
C>A	39343.0308	0	22693.3637	4858.6671	20360.7	0	19422.7	556.333	50219.03265	0	31050.69853	7633.3336
C>G	2430	0	2	7	0	0	0	0	3958.3327	0	392.333	1025.333
C>T	127390.956	37321.63	37321.63	19513.014	46159.6	23198.3	23198.3	0	130571.95701	39531.63064	39531.63064	19897.014
G>A	136762.683	29108.327	63665.665	29108.327	67461.697	9818.33	32310	9818.33	140089.6834	29677.9937	63876.665	29677.9937
G>C	9665.66	0	2811	1619	0	0	0	0	10417.9934	0	3274.6667	2076
G>T	71647.33767	0	54685.0033	17852.33397	43693.667	0	42795.333	811	78476.33795	0	57590.00394	21919.66664
T>A	6064.0007	0	5	656.667	1062.0007	0	1062.0007	0	9913.00248	0	1374.3341	1894.66767
T>C	153813.99867	0	25495.9973	35465.6507	66361.6667	0	11033	14901.6667	156758.33134	0	24928.99697	35938.3173
T>G	23148.37334	0	1272.67	18064.7	12742.0297	0	1145.9967	11040.7	32680.3767	0	4863.00343	18405.6996
