muttype	clair3rna_cnt	clair3rna_apocnt	clair3rna_isTbefore	clair3rna_isAafter	lowfreq_cnt	lowfreq_apocnt	lowfreq_isTbefore	lowfreq_isAafter	bcftools_cnt	bcftools_apocnt	bcftools_isTbefore	bcftools_isAafter
A>C	41746.99966	0	24774	9738.673	20682.997	0	19835.33	602.667	47770.66483	0	24928	10567.6734
A>G	232854.6464	0	66525.6377	41427.688	135368.3007	0	35786.9667	20369.34	237685.64701	0	67115.63767	42441.688
A>T	8633.0007	0	2162.6667	549.667	863.66657	0	420.33367	447.99957	11528.33505	0	3654.00081	1349.66687
C>A	55344.32417	0	32575.66107	6400.9938	41355.664	0	30284.664	752.667	63503.65628	0	38232.99268	8966.6609
C>G	3398.66667	0	8.66667	3	3385	0	0	0	5440.33037	0	629.667	1105.99667
C>T	179637.0754	51074.3567	51074.3567	26913.007	135644.4007	45068.6937	45068.6937	12322.67	182566.40847	53582.3564	53582.3564	27413.0067
G>A	192296.6443	43369.6433	87829.7133	43369.6433	128635.64	33253.97	68125.7	33253.97	194073.64464	43970.97667	88037.7136	43970.97667
G>C	13504	0	4246.67	2107	4246.67	0	4246.67	0	14971.6667	0	5093.337	3212.3337
G>T	97074.99757	0	73714.6634	24161.9975	82551.664	0	74334.33	17929.664	103762.00102	0	76150.33091	28297.66687
T>A	9603.9997	0	36	914.333	4651.3336	0	924.3336	0	12913.66768	0	1377.334	2439.00097
T>C	212798.7344	0	34458.6644	50369.7167	156828.37033	0	32066.33	30214.03333	215316.06748	0	34934.99774	50578.7167
T>G	25515.33033	0	1982.33	18159.67	24667.3373	0	1001.3333	22766.67	41598.66371	0	5894.993	26239.6733
