muttype	clair3rna_cnt	clair3rna_apocnt	clair3rna_isTbefore	clair3rna_isAafter	lowfreq_cnt	lowfreq_apocnt	lowfreq_isTbefore	lowfreq_isAafter	bcftools_cnt	bcftools_apocnt	bcftools_isTbefore	bcftools_isAafter
A>C	22.6667	0	0	0	203.0001	0	89.3334	0	430.33343	0	110.00006	34.33333
A>G	84.33333	0	30	81	108.6667	0	30	81	479.33343	0	154.66672	116.66667
A>T	1	0	1	0	280.00001	0	102.99994	66	771.99997	0	334.33321	99.33333
C>A	0	0	0	0	65	0	24.6667	26	213.33331	0	87.33337	70.00001
C>G	0	0	0	0	5.66667	0	5.66667	0	36.33334	0	12.66667	2
C>T	111024.72963	86664.02963	86664.02963	2745.0027	111117.72957	86707.0296	86707.0296	2747.0027	111787.06267	87296.69602	87296.69602	2834.00274
G>A	88266.30147	87112.30077	52638.0004	87112.30077	88483.63483	87268.96743	52723.33373	87268.96743	88743.30155	87408.3008	52772.00042	87408.3008
G>C	0	0	0	0	24.6666	0	11.3333	13.3333	42.33327	0	18.3333	16.3333
G>T	14.6667	0	0	0	196.33323	0	48.6666	37.3333	822.66662	0	474.66663	209.33366
T>A	1.66667	0	0	0	145	0	41.33337	122.3333	439.00002	0	128.00004	242.99996
T>C	1380.99967	0	1379.333	1.66667	1436.99967	0	1379.333	0	1721.33304	0	1411.333	72.33336
T>G	0	0	0	0	66.33327	0	7.66667	0	164.99994	0	35.66667	24
