muttype	clair3rna_cnt	clair3rna_apocnt	clair3rna_isTbefore	clair3rna_isAafter	lowfreq_cnt	lowfreq_apocnt	lowfreq_isTbefore	lowfreq_isAafter	bcftools_cnt	bcftools_apocnt	bcftools_isTbefore	bcftools_isAafter
A>C	60120.015	0	15186	20083.674	12833.0037	0	5452.67	606.3337	67823.0166	0	15561.0004	21089.3414
A>G	393826.06464	0	139667.6913	69668.028	210855.384	0	77984.69	28368.027	399831.7319	0	140883.69107	70364.0284
A>T	54595.653	0	15663.63	5153.66	37545.9974	0	10861.3	313.3334	60790.32264	0	16927.62974	6133.99317
C>A	141982.73617	0	7103.3345	14625.0004	102499.429	0	3031.666	10160.333	154799.73644	0	17417.66884	17273.33224
C>G	1754.66667	0	6.66667	1748	341.667	0	341.667	0	4326.33337	0	1050.667	3109.66667
C>T	256469.278	59672.304	59672.304	82188.988	85147.9637	38324.967	38324.967	21488.637	258820.61203	61507.97133	61507.97133	82465.9883
G>A	188213.0597	33553.678	52569.0217	33553.678	61688	5841	21380.34	5841	198916.3928	33897.6781	57490.3547	33897.6781
G>C	24171.64	0	2959.33	1962.67	10894.3	0	0	0	27020.6397	0	3261.9967	4589.003
G>T	61863.01044	0	14643.66664	26551.6674	23041.337	0	975.334	12429	71954.67731	0	19054.33344	33811.33457
T>A	32219.00997	0	10893.3363	4772.66667	14364.3371	0	1020.6671	0	37894.00954	0	12045.6702	6055.3327
T>C	363525.0223	0	86289.951	113526.666	152221.033	0	46670.97	37604.33	369228.36034	0	87090.28537	114251.33337
T>G	89047.74837	0	11859.67	49224.044	45058.0736	0	5621.3366	26785.37	108774.0911	0	20470.0107	56066.044
