muttype	clair3rna_cnt	clair3rna_apocnt	clair3rna_isTbefore	clair3rna_isAafter	lowfreq_cnt	lowfreq_apocnt	lowfreq_isTbefore	lowfreq_isAafter	bcftools_cnt	bcftools_apocnt	bcftools_isTbefore	bcftools_isAafter
A>C	116	0	4	3	10	0	0	10	208	0	27	33
A>G	164	0	34	130	174	0	31	107	709	0	271	234
A>T	68	0	25	30	1.33333	0	1.33333	0	218.66667	0	70.33333	57
C>A	318.00005	0	146.33334	101.00004	47	0	47	0	344.00004	0	205.33337	77.33334
C>G	59.66667	0	18	20	16	0	9	0	570.33334	0	187	126
C>T	1552.333	1007.333	1007.333	99	1098.66633	537.66633	537.66633	16	1835.333	1108.333	1108.333	176
G>A	1547.667	1488.667	464	1488.667	904.667	893.667	247	893.667	1707.667	1509.667	488	1509.667
G>C	54	0	7	19	8	0	0	4	491	0	109	186
G>T	112.33334	0	31.66667	42	0	0	0	0	202.00001	0	85.66667	62.66667
T>A	17	0	4	8	21	0	17	0	183.66667	0	65.66667	49
T>C	41	0	24	16	100	0	15	20	615	0	158	250
T>G	15	0	1	2	16	0	16	0	142	0	38	28
