muttype	clair3rna_cnt	clair3rna_apocnt	clair3rna_isTbefore	clair3rna_isAafter	lowfreq_cnt	lowfreq_apocnt	lowfreq_isTbefore	lowfreq_isAafter	bcftools_cnt	bcftools_apocnt	bcftools_isTbefore	bcftools_isAafter
A>C	13565.33797	0	3257.337	4421.667	6193.67003	0	1233.67	2131.00003	14330.67137	0	3361.67034	4496.3337
A>G	87880.98537	0	30991.34633	14781.0077	48555.64767	0	18333.01	6499.00667	89627.98604	0	31474.013	15066.67437
A>T	10330.32737	0	3333.667	1391.0007	5668.66033	0	2581.667	49.33333	11308.32777	0	3772.66733	1591.33404
C>A	29696.33451	0	1808.33347	3501.00037	22040.6663	0	120.3333	2165.3333	31249.66758	0	2783.33304	3696.33384
C>G	623.667	0	28	544.667	0	0	0	0	1369.00044	0	263.66677	860.33367
C>T	57815.6794	13407.67	13407.67	17901.008	27662.3407	8124.3367	8124.3367	5937.3367	58926.01306	13773.67	13773.67	18079.34133
G>A	40738.67583	8576.00503	11931.3304	8576.00503	16225.673	1929.67	4390.33	1929.67	43561.34223	8742.67173	13256.33043	8742.67173
G>C	6080.004	0	675	550.667	3541.67	0	0	0	6490.004	0	783	711.667
G>T	12937.34114	0	3312.00007	5485.00374	7114.34	0	2008	4697.67	13661.67411	0	3565.33337	5918.00334
T>A	7353.668	0	2218.334	1168.334	3579.6673	0	123.0003	1162.667	8197.33497	0	2408.66763	1736.334
T>C	76039.67773	0	17111.6677	26086.00503	41890.006	0	12423.666	12614.003	77438.6781	0	17259.6677	26462.67173
T>G	23334.00807	0	3533.67	13353.6804	15923.67367	0	1357.00367	11244.68	24744.34174	0	4259.67034	13536.3474
