muttype	clair3rna_cnt	clair3rna_apocnt	clair3rna_isTbefore	clair3rna_isAafter	lowfreq_cnt	lowfreq_apocnt	lowfreq_isTbefore	lowfreq_isAafter	bcftools_cnt	bcftools_apocnt	bcftools_isTbefore	bcftools_isAafter
A>C	184	0	34	14	1193	0	275.667	634	2180.6666	0	800.0003	820
A>G	3112.6633	0	1010	2528.33	3281.329	0	719.666	1531.33	8926.66227	0	3467.666	3749.6633
A>T	178	0	82	74	415.6667	0	210	108	1969.6667	0	924.6667	532.6667
C>A	103.66667	0	47	42	391	0	326	67	1065.66664	0	497	262.66667
C>G	25	0	0	11	118.3333	0	0	18	451.6666	0	54	107
C>T	13940.673	12540.673	12540.673	3812	4378.3397	3431.3397	3431.3397	37	16961.00637	13899.00637	13899.00637	4249.66667
G>A	17924	14842	6189.333	14842	5959	3205	1387	3205	19846	15496	6826.333	15496
G>C	43	0	22	20	53	0	41	0	400	0	181	108
G>T	448	0	28	8	40	0	17	0	988.3333	0	248.3333	109
T>A	271	0	57	183	540	0	257	293	2271	0	674	1187
T>C	914	0	479	239	1372	0	234	459	5950.3333	0	1621	2342.6667
T>G	181.66667	0	17	38.66667	188	0	186	80	1008.3334	0	418.6667	541.3334
