muttype	clair3rna_cnt	clair3rna_apocnt	clair3rna_isTbefore	clair3rna_isAafter	lowfreq_cnt	lowfreq_apocnt	lowfreq_isTbefore	lowfreq_isAafter	bcftools_cnt	bcftools_apocnt	bcftools_isTbefore	bcftools_isAafter
A>C	113	0	50	26	337.3333	0	64.3333	211	748	0	223.3333	269
A>G	1422.667	0	661	1133.667	2160.3337	0	986	1143.667	4377.0004	0	1837.3333	1814.667
A>T	140	0	51	41	403	0	156	62	1102	0	434	262
C>A	63	0	3	2	233	0	156	61	490	0	231	97
C>G	8	0	0	5	60	0	10	27	230.6667	0	42	116
C>T	4603.667	4234	4234	1190	2120	1792	1792	176	6481.00034	4908.33334	4908.33334	1654
G>A	6361.667	5464	2334	5464	2164	1892	684	1892	7952.667	6003	2854	6003
G>C	2	0	2	0	76	0	20	38	226	0	98	72
G>T	129	0	15	6	574	0	129	48	914	0	184	100
T>A	68	0	32	51	470	0	175	241	1245	0	373	622
T>C	460	0	281	107	1003	0	256	371	3027.3333	0	1027	1180
T>G	99	0	18	56	117	0	29	54	472.3334	0	130	265.3334
