muttype	clair3rna_cnt	clair3rna_apocnt	clair3rna_isTbefore	clair3rna_isAafter	lowfreq_cnt	lowfreq_apocnt	lowfreq_isTbefore	lowfreq_isAafter	bcftools_cnt	bcftools_apocnt	bcftools_isTbefore	bcftools_isAafter
A>C	198.6667	0	81.6667	79	910.0003	0	237.667	94	1260.00034	0	383.00037	158
A>G	455	0	156	272	842.3334	0	314	226	1594.6667	0	600	599
A>T	82	0	81	22	474.3333	0	174	119	722.3333	0	324	177
C>A	25	0	8	4	255	0	165	81	359.6667	0	176	137
C>G	0	0	0	0	244	0	82	108	193	0	39	125
C>T	2708	2365	2365	592	2315	1815	1815	478	3352.0001	2565	2565	662
G>A	3040.33333	2715.33333	1246	2715.33333	1920.33333	1734.33333	875	1734.33333	3483.33333	2832.33333	1441	2832.33333
G>C	0	0	0	0	81	0	48	43	98	0	52	48
G>T	44	0	19	8	204	0	90	84	292	0	133	103
T>A	92	0	55	18	401	0	163	128	640	0	278	189
T>C	36	0	18	10	771	0	272	214	1358.6667	0	420	451.3333
T>G	162	0	27	66	195.6667	0	59.6667	110	488.00007	0	166.6667	266.33337
